2 0.40220139818533396 0.7730923694779116 0.10947493678417367 0.06291834002677377
0 0.39268183846497096 0.4444444444444444 0.0809162576230849 0.08299866131191429
8 0.7710843373493975 0.46318607764390907 0.3379443700728841 0.20348058902275773
3 0.5438048490257326 0.8942436412315931 0.19753086419753088 0.1017402945113787
5 0.3153354157370222 0.2556894243641231 0.07853636769299424 0.07764390896921018
1 0.3867321136397442 0.6204819277108434 0.07853636769299413 0.08969210174029442
7 0.46407853636769303 0.7141900937081661 0.07139669790272202 0.033467202141900854
3 0.47597798601814667 0.7516733601070951 0.16183251524616993 0.05488621151271758
6 0.4616986464376022 0.43373493975903615 0.057117358322177625 0.10977242302543509
4 0.535475234270415 0.4524765729585007 0.05711735832217755 0.06425702811244975
10 0.4105310129406514 0.47991967871485947 0.42600029748624124 0.7054886211512718
