5 0.6900937081659975 0.7061579651941097 0.07630522088353432 0.08969210174029409
4 0.4190093708165998 0.5414993306559572 0.056224899598393635 0.07898259705488613
1 0.5368139223560909 0.3319946452476573 0.08299866131191429 0.10709504685408301
7 0.430388219544846 0.22021419009370816 0.08701472556894245 0.1111111111111111
3 0.39825970548862116 0.26238286479250333 0.1405622489959839 0.06961178045515393
3 0.38888888888888895 0.13788487282463185 0.14591700133868815 0.09906291834002676
0 0.5763052208835342 0.5234270414993306 0.0789825970548862 0.09370816599732265
6 0.4966532797858099 0.5448460508701473 0.06693440428380193 0.10441767068273088
2 0.5468540829986613 0.1499330655957162 0.09236947791164667 0.08567603748326641
8 0.20147255689424362 0.589022757697456 0.3145917001338688 0.20080321285140554
