3 0.41700133868808564 0.9437751004016064 0.14591700133868804 0.11244979919678713
3 0.28848728246318606 0.78045515394913 0.11914323962516732 0.10977242302543502
5 0.6854082998661312 0.19210174029451138 0.016064257028112365 0.0013386880856760541
5 0.6867419616637459 0.3156927806728547 0.06693440428380179 0.08390981741562879
4 0.4163319946452477 0.47724230254350736 0.053547523427041444 0.07095046854083001
6 0.4866131191432396 0.47389558232931733 0.06559571619812588 0.10441767068273088
0 0.5595716198125835 0.49263721552878154 0.07496653279785792 0.11244979919678717
1 0.5294511378848729 0.6760374832663989 0.08701472556894245 0.10441767068273088
8 0.1753681392235609 0.43574297188755023 0.2971887550200803 0.22356091030789835
8 0.7965194109772423 0.6733601070950469 0.31593038821954494 0.1981258366800535
4 0.5321285140562249 0.8453815261044175 0.08969210174029442 0.08701472556894245
