7 0.46050870147255696 0.7550200803212852 0.10233526699390154 0.10709504685408305
5 0.32604492042243044 0.28045515394912984 0.09043581734344794 0.08433734939759041
0 0.4010114532202886 0.4618473895582329 0.07853636769299413 0.08835341365461843
1 0.39413385684832436 0.6407286958599657 0.06964208994246959 0.08345696104518786
3 0.4985869403540086 0.8420348058902275 0.1737319648966235 0.08299866131191365
6 0.4700282611929198 0.4598393574297189 0.059497248252268375 0.10040160642570285
4 0.535475234270415 0.4745649263721553 0.04759779860181453 0.0655957161981258
2 0.34508403986315633 0.7891566265060241 0.08567603748326637 0.06827309236947798
3 0.522385839654916 0.7282463186077643 0.14993306559571615 0.06961178045515411
10 0.40934106797560615 0.49531459170013376 0.3998215082552432 0.6639892904953144
