0 0.35698348951361 0.45046854082998666 0.08567603748326644 0.08969210174029449
3 0.6485200059497248 0.8775100401606426 0.17849174475680513 0.07362784471218205
6 0.42600029748624124 0.44310575635876837 0.057117358322177625 0.09370816599732265
4 0.4973969953889633 0.4598393574297188 0.05235757846199627 0.06291834002677377
5 0.285586791610888 0.2630522088353413 0.07615647776290352 0.07095046854082998
1 0.3546035995835193 0.6305220883534136 0.07139669790272202 0.0883534136546185
2 0.31176558084188605 0.7838018741633198 0.08091625762308487 0.06559571619812588
8 0.7056373642719024 0.5562248995983936 0.249888442659527 0.1673360107095047
3 0.5735534731518668 0.7657295850066934 0.061877138182359064 0.08299866131191436
10 0.37126282909415437 0.49464524765729595 0.428380187416332 0.7135207496653281
