0 0.40240511666105677 0.4305966577487531 0.07449685012541572 0.08999158432158304
8 0.8055927413357132 0.45649263721552885 0.311765580841886 0.21686746987951813
5 0.321285140562249 0.24029451137884877 0.09043581734344787 0.06827309236947794
6 0.4688383162278745 0.42302543507362783 0.061877138182359064 0.09638554216867469
4 0.5390450691655511 0.4417670682730923 0.0547374683920868 0.06425702811244982
1 0.3986315632901978 0.6091030789825971 0.08329614755317565 0.08835341365461843
7 0.4735980960880559 0.7349397590361445 0.061877138182359064 0.09370816599732251
3 0.4950171054588725 0.6030789825970548 0.133273836085081 0.09236947791164646
3 0.561654023501413 0.5943775100401606 0.07615647776290345 0.11244979919678713
2 0.5104863900044623 0.5662650602409639 0.0785363676929942 0.05087014725568949
10 0.41172095790569685 0.4665327978580991 0.4616986464376023 0.6947791164658635
