8 0.8365313104268925 0.5033467202141902 0.29748624126134166 0.17135207496653299
8 0.26297783727502605 0.6010709504685409 0.2736873419604343 0.19009370816599735
3 0.5414249590956418 0.9103078982597055 0.1451732857355347 0.08567603748326633
5 0.42600029748624124 0.30053547523427043 0.0809162576230849 0.07095046854082994
0 0.499776885319054 0.4792503346720214 0.0666369180425405 0.08567603748326647
6 0.5628439684664585 0.4698795180722891 0.04997768853190543 0.09370816599732258
4 0.6271009965789083 0.4886211512717537 0.0547374683920868 0.06425702811244982
1 0.4985869403540086 0.64524765729585 0.0737765878328127 0.08299866131191429
2 0.4628885914026476 0.7884872824631861 0.07377658783281277 0.06961178045515397
10 0.5069165551093262 0.5147255689424365 0.43313996727651355 0.6706827309236948
